150 <--# of nodes, 300 edges 
1 2 0.40530703608858787
1 3 0.3035309458904061
2 3 0.0794877029421106
2 4 0.21973450646045334
3 4 0.1809720026358279
3 5 0.54568265064284
4 5 0.45457106749780396
4 6 0.5616624500863605
5 6 0.9974520965175148
5 7 0.06676719792006569
6 7 0.5252428441713647
6 8 0.8647911031554525
7 8 0.7973422659685857
7 9 0.281624191582467
8 9 0.49103319128269174
8 10 0.8059764506911102
9 10 0.458074565270035
9 11 0.17095566494951242
10 11 0.44911284104911575
10 12 0.8517218784356783
11 12 0.7104473900790171
11 13 0.019339090135175097
12 13 0.3234073064735298
12 14 0.49342444383718487
13 14 0.12176011210572779
13 15 0.8767130365763877
14 15 0.1303986995834413
14 16 0.27259788172326194
15 16 0.3789172336212625
15 17 0.5685827948278659
16 17 0.5337326557140337
16 18 0.27381374421101445
17 18 0.6489822387471303
17 19 0.36447583840303055
18 19 0.8023806323868855
18 20 0.11813878035790026
19 20 0.6356505953644835
19 21 0.4214967761664572
20 21 0.27204753933924697
20 22 0.15073867039640398
21 22 0.4327238571574473
21 23 0.8233348657273087
22 23 0.9940090754879763
22 24 0.2567915420636152
23 24 0.15669000634697205
23 25 0.8808543521845219
24 25 0.7713892950305439
24 26 0.37523800824869946
25 26 0.6961627982905352
25 27 0.6057284511235901
26 27 0.3181334088521439
26 28 0.6826024647868925
27 28 0.3224886860583741
27 29 0.7132810295473939
28 29 0.4755766128313824
28 30 0.11223597338511049
29 30 0.2210807142495218
29 31 0.6250881323169366
30 31 0.6325317420649248
30 32 0.14573134572918633
31 32 0.4206509494620765
31 33 0.6121579530503926
32 33 0.8238471940893412
32 34 0.06267554452955748
33 34 0.5800750514560364
33 35 0.2603007661003911
34 35 0.030589002949269806
34 36 0.4482934029612933
35 36 0.26651142591633625
35 37 0.24795098232748913
36 37 0.6650384120482429
36 38 0.9862835789006481
37 38 0.22450577968160457
37 39 0.5241211067803728
38 39 0.8824297601489111
38 40 0.16280805294390577
39 40 0.2452332319078231
39 41 0.4190294657327621
40 41 0.9160686790329646
40 42 0.30226048497946734
41 42 0.922884608545985
41 43 0.867991050112
42 43 0.732374794913478
42 44 0.044551543777882396
43 44 0.6587688704827332
43 45 0.589680230580306
44 45 0.7375393375334074
44 46 0.1891519553202825
45 46 0.9512728240968318
45 47 0.54197605297364
46 47 0.8810489911217291
46 48 0.20385051651007347
47 48 0.05525022001182511
47 49 0.2990143171239942
48 49 0.7751718623753451
48 50 0.8642330576772261
49 50 0.7422630043437038
49 51 0.35936375940125764
50 51 0.24870022404532321
50 52 0.8255977075057568
51 52 0.8800921051428857
51 53 0.08029619231843355
52 53 0.5452027455875006
52 54 0.3087459311017702
53 54 0.46993819755462907
53 55 0.3202556104136106
54 55 0.5413923526866854
54 56 0.7227733352725363
55 56 0.432531144415885
55 57 0.13478635553542795
56 57 0.4069812165039848
56 58 0.5648300582967445
57 58 0.8025938773189375
57 59 0.9138727626833201
58 59 0.33628334171843866
58 60 0.5867654663560322
59 60 0.6977806562174587
59 61 0.743405498042034
60 61 0.8109427016754847
60 62 0.47470770427918485
61 62 0.9285369060925776
61 63 0.6746577990348507
62 63 0.6539103542320515
62 64 0.6330335066438152
63 64 0.44254810462847616
63 65 0.49951566229166033
64 65 0.49684970066929735
64 66 0.9899401410200346
65 66 0.5765421732328072
65 67 0.9134989244699306
66 67 0.4143097749978947
66 68 0.24453990940703063
67 68 0.5244276739110961
67 69 0.24178019754942748
68 69 0.4480013037984235
68 70 0.06749874280473633
69 70 0.07456189192900842
69 71 0.5109534562936588
70 71 0.7413902062957973
70 72 0.7072665774674975
71 72 0.36924888801096234
71 73 0.6748202739469759
72 73 0.16943830145482175
72 74 0.32579596638696906
73 74 0.767206831448768
73 75 0.742330117727303
74 75 0.5601023532216844
74 76 0.08683382842546472
75 76 0.2889341488960896
75 77 0.7010800004038366
76 77 0.05198670648202108
76 78 0.1388518826077214
77 78 0.7536891455527636
77 79 0.28023040577524194
78 79 0.5677321315714565
78 80 0.5247076965027453
79 80 0.697848042406201
79 81 0.6405399733594311
80 81 0.5018104398025203
80 82 0.8808639722026446
81 82 0.026670626798267594
81 83 0.3557659359288219
82 83 0.7668426677994301
82 84 0.11800425358241362
83 84 0.34706067533966956
83 85 0.8613427187624114
84 85 0.059133411308014305
84 86 0.08475817523333229
85 86 0.11625816154276958
85 87 0.025660994021512673
86 87 0.410202268566476
86 88 0.6246816972705596
87 88 0.5529425451046217
87 89 0.5567773184882568
88 89 0.4108892052545573
88 90 0.5698766667961668
89 90 0.08273713000366822
89 91 0.8815746922351477
90 91 0.3341550164584549
90 92 0.1609819630217335
91 92 0.6032224146510984
91 93 0.9475544619534708
92 93 0.5385721631579423
92 94 0.6595801279037733
93 94 0.591070773271905
93 95 0.41561816195813395
94 95 0.5798067126811438
94 96 0.5159823760708955
95 96 0.4326116267808523
95 97 0.02618202297541783
96 97 0.1420618558522967
96 98 0.7328602324013874
97 98 0.3362347918187124
97 99 0.8655602310424837
98 99 0.5692596908482614
98 100 0.5915230966270284
99 100 0.8757736997845331
99 101 0.8722564464838853
100 101 0.5036948907356655
100 102 0.7916779197856899
101 102 0.5001285288298327
101 103 0.48878217431173676
102 103 0.3771800497461868
102 104 0.8518323348362911
103 104 0.33589593440264587
103 105 0.903279745076473
104 105 0.2883597403237428
104 106 0.9994782274604952
105 106 0.4265859263435491
105 107 0.34218735578437987
106 107 0.29910207551162105
106 108 0.08168076223595366
107 108 0.7781296083106429
107 109 0.9289332938217226
108 109 0.40602679765777494
108 110 0.4466264067084974
109 110 0.25903435105240946
109 111 0.6777440829389756
110 111 0.6631533869216563
110 112 0.6523551796364647
111 112 0.33382057157633593
111 113 0.19217442193612477
112 113 0.38131026199711693
112 114 0.43657723614283506
113 114 0.15780722264555813
113 115 0.3081691744860888
114 115 0.6314664102614929
114 116 0.6435577226457548
115 116 0.3260443800684034
115 117 0.8166497196163499
116 117 0.5717128338820262
116 118 0.6495932859105422
117 118 0.67574647707437
117 119 0.7228880255272834
118 119 0.42521945838414155
118 120 0.536179441354654
119 120 0.4973635473660363
119 121 0.8186201039861389
120 121 0.8621378272538905
120 122 0.3329826188865448
121 122 0.8953742142658099
121 123 0.36417935970201
122 123 0.4080232445894536
122 124 0.3493277698442955
123 124 0.153814609224875
123 125 0.3699567745918738
124 125 0.5188867861678104
124 126 0.9236152118659605
125 126 0.018775188830911116
125 127 0.448145603308858
126 127 0.9700609497518736
126 128 0.9004380267305682
127 128 0.519026467820532
127 129 0.5880770320585909
128 129 0.13806107197954764
128 130 0.9219868875805083
129 130 0.29665855953340337
129 131 0.26570388025386893
130 131 0.39805838527702986
130 132 0.41313349119829157
131 132 0.34476608034374956
131 133 0.20144088999617982
132 133 0.3556545878685927
132 134 0.9016369178247319
133 134 0.43669710155475505
133 135 0.44651227840871
134 135 0.2611089576617872
134 136 0.9331261695301735
135 136 0.30338256981821454
135 137 0.047601839952181035
136 137 0.5246497057012756
136 138 0.13899154911769152
137 138 0.5890335039764637
137 139 0.03568654492780121
138 139 0.7899649239836518
138 140 0.7620869577071355
139 140 0.544379827845636
139 141 0.24676924336461603
140 141 0.9877457660270051
140 142 0.671611309820687
141 142 0.5431597373675549
141 143 0.09059780008350449
142 143 0.8860509372330088
142 144 0.25747604441584093
143 144 0.09455150913601684
143 145 0.7043757161767502
144 145 0.7426346621585467
144 146 0.3746013704829281
145 146 0.83791810961823
145 147 0.14557548663258257
146 147 0.8073670795418022
146 148 0.9228505102528397
147 148 0.8106866775127047
147 149 0.02262369644371154
148 149 0.5969992019644819
148 150 0.5552711861404803
149 150 0.6643140301284229
57 140 0.6469012413299768
139 19 0.48192353023903467
107 12 0.875906366097158
