250 <--# of nodes, 500 edges 
1 2 0.2622598730199972
1 3 0.5827140819368539
2 3 0.33412023373956057
2 4 0.2617293392315986
3 4 0.7401564726587657
3 5 0.09598409003909925
4 5 0.9604824877921492
4 6 0.4602507532916126
5 6 0.628769333261445
5 7 0.7504286497025098
6 7 0.6163485516555106
6 8 0.556511415378188
7 8 0.4117546227847194
7 9 0.008203546922947669
8 9 0.15423562247774614
8 10 0.1666888247300673
9 10 0.19579701979939268
9 11 0.7194934557590071
10 11 0.9895942759162702
10 12 0.24414425096293157
11 12 0.8091621768993726
11 13 0.9429997805378583
12 13 0.882582435287994
12 14 0.12810050264663353
13 14 0.027921942710759873
13 15 0.8373660281906065
14 15 0.5117117904458219
14 16 0.2932853158070122
15 16 0.2791350983403086
15 17 0.20516384126373322
16 17 0.0055271929349133275
16 18 0.8440986484779998
17 18 0.47582936303510004
17 19 0.12400681552426918
18 19 0.7132119485399386
18 20 0.44463796537218325
19 20 0.05699071184018256
19 21 0.1318411983854335
20 21 0.6188417422648893
20 22 0.6954254360743293
21 22 0.1526295922041928
21 23 0.6498008073415408
22 23 0.33292131568863603
22 24 0.5505617454372608
23 24 0.4637386287700269
23 25 0.9626379728975175
24 25 0.8431294771788628
24 26 0.5756028841087691
25 26 0.07069978477498273
25 27 0.17473394528700548
26 27 0.6669558350935006
26 28 0.16985349453326348
27 28 0.28436704612127184
27 29 0.5399802396107871
28 29 0.6500210206279758
28 30 0.0012170751866726892
29 30 0.7138313643469514
29 31 0.2842615752756198
30 31 0.8501829880451348
30 32 0.6238314096903679
31 32 0.12649029385585187
31 33 0.2801126954674411
32 33 0.8394323497771558
32 34 0.6838099251038514
33 34 0.8060683623939
33 35 0.9507540540478575
34 35 0.46656780089851335
34 36 0.2093543730598474
35 36 0.9816706436893322
35 37 0.5060552569345239
36 37 0.37325403259800094
36 38 0.22681355307850837
37 38 0.0488173584109578
37 39 0.9264456534262867
38 39 0.7588545005100578
38 40 0.26431213601557935
39 40 0.7646467692908572
39 41 0.9342455764512871
40 41 0.46323667800451396
40 42 0.861491274626652
41 42 0.28413931074028365
41 43 0.6742580947927929
42 43 0.49289632688527685
42 44 0.20467930238793275
43 44 0.9387337330679537
43 45 0.7509557850524494
44 45 0.33791559505798985
44 46 0.01408872479879908
45 46 0.6833533135286382
45 47 0.1930508961497469
46 47 0.21542603168998387
46 48 0.15362005254894662
47 48 0.7394174058609281
47 49 0.6982766154722326
48 49 0.053944495690026906
48 50 0.001399186489944082
49 50 0.961687767649374
49 51 0.9214410671764675
50 51 0.1265390808764626
50 52 0.1550331629108458
51 52 0.433481621146796
51 53 0.4718584723443594
52 53 0.6549321648757683
52 54 0.32545045718035936
53 54 0.5061905492151658
53 55 0.39113921652188177
54 55 0.200601681946472
54 56 0.6230041497437889
55 56 0.810748913833755
55 57 0.8304114056430419
56 57 0.7332058117348361
56 58 0.5034425799148183
57 58 0.9262060306391718
57 59 0.0945609078018741
58 59 0.8768722758196271
58 60 0.3985911998947821
59 60 0.6298214843920348
59 61 0.9955452355808998
60 61 0.6957919426515129
60 62 0.5652693901218542
61 62 0.4917227105448968
61 63 0.21686220809842882
62 63 0.2573377203730284
62 64 0.635277080585375
63 64 0.6167877027049954
63 65 0.9896322432412255
64 65 0.1483219017693096
64 66 0.4568453703740246
65 66 0.6723254230729137
65 67 0.9296520078957561
66 67 0.6525448071010249
66 68 0.49137825681133984
67 68 0.5812267147009944
67 69 0.012608901295245833
68 69 0.4074278226411261
68 70 0.41407238300494065
69 70 0.9947147249246845
69 71 0.8042202809211922
70 71 0.49952719588436756
70 72 0.25929433102110266
71 72 0.6948451051165854
71 73 0.15864875342946316
72 73 0.2022124510153993
72 74 0.4425902025799334
73 74 0.8960369003888193
73 75 0.8856212285033169
74 75 0.001161482801022462
74 76 0.3531348510558031
75 76 0.5123460293027261
75 77 0.44280214149264263
76 77 0.3630617882566044
76 78 0.03661597308874287
77 78 0.37039530157404765
77 79 0.35450893952717166
78 79 0.6353603612827492
78 80 0.2950567427432128
79 80 0.24642753823458974
79 81 0.5816861927133726
80 81 0.6665424607073043
80 82 0.971732634221049
81 82 0.07595402513941485
81 83 0.8412429426270248
82 83 0.3005895879235645
82 84 0.6708230617102674
83 84 0.3302879887073571
83 85 0.8539786533949065
84 85 0.5583301180502759
84 86 0.017119773369431046
85 86 0.10883056649323397
85 87 0.28778862772318536
86 87 0.46760988090682143
86 88 0.8865211286267464
87 88 0.10441242659636729
87 89 0.7464508304735917
88 89 0.017747399039434453
88 90 0.20548347499270936
89 90 0.10754338681319642
89 91 0.5842815396049016
90 91 0.6337752971646348
90 92 0.7460643998796817
91 92 0.9733452430656254
91 93 0.13492054996219593
92 93 0.626573111297556
92 94 0.6375645081600048
93 94 0.37726089995024514
93 95 0.28086892814131925
94 95 0.757005624601401
94 96 0.002456700949626134
95 96 0.15040187850456566
95 97 0.7255426124641452
96 97 0.15621625766170488
96 98 0.9598638573173628
97 98 0.39349491801399583
97 99 0.7405818943787816
98 99 0.3910627025683293
98 100 0.41555701175383464
99 100 0.310758701657354
99 101 0.4304656346334321
100 101 0.8041906155216105
100 102 0.745566916216622
101 102 0.3923310207548474
101 103 0.6489195967899796
102 103 0.3491043350813433
102 104 0.06886171430770605
103 104 0.9879538571645485
103 105 0.7797826713883113
104 105 0.4093722303021604
104 106 0.28652904879294294
105 106 0.6532508506020043
105 107 0.4368908184824166
106 107 0.33815053850312615
106 108 0.4830539483131947
107 108 0.4877204177357177
107 109 0.3232327307523821
108 109 0.7793628972873445
108 110 0.0632977107480408
109 110 0.14093108693620082
109 111 0.4971266359268951
110 111 0.7930590953837182
110 112 0.9485958732893542
111 112 0.41206150642712813
111 113 0.6915588665989125
112 113 0.13499035821943672
112 114 0.5521813320808693
113 114 0.19633299913652147
113 115 0.2613679378147512
114 115 0.5652486438057269
114 116 0.109786856999873
115 116 0.036266767498950414
115 117 0.7425272327816422
116 117 0.13770969589153315
116 118 0.3558108987391465
117 118 0.7972861434824262
117 119 0.7842718448887869
118 119 0.9416183328459672
118 120 0.23287161611757645
119 120 0.14059989977288256
119 121 0.79608613568199
120 121 0.8408253636667025
120 122 0.597451682218869
121 122 0.7715755304637415
121 123 0.5157091836861365
122 123 0.7675792983137555
122 124 0.9659990347833909
123 124 0.9596407022319045
123 125 0.7963155382616939
124 125 0.8128000358159712
124 126 0.643032640131554
125 126 0.6589447018266202
125 127 0.02265226566007339
126 127 0.18216794968155425
126 128 0.17600996570650718
127 128 0.3195503836038255
127 129 0.3583929416345354
128 129 0.11020660057331233
128 130 0.5581892711228104
129 130 0.771472824050382
129 131 0.8939383483564021
130 131 0.8946378308634815
130 132 0.1235754958305213
131 132 0.48787361745447155
131 133 0.23359187138876625
132 133 0.5188413372226118
132 134 0.9546604094198126
133 134 0.22988482546683486
133 135 0.06993359897532847
134 135 0.8185514678646914
134 136 0.7114360455304808
135 136 0.6446895354785174
135 137 0.02629725704105368
136 137 0.45733690926161086
136 138 0.7278044897067166
137 138 0.958051593193854
137 139 0.7529194960039434
138 139 0.5945234983740826
138 140 0.7717036904352429
139 140 0.7814593502482647
139 141 0.9340356368074866
140 141 0.6031244400353395
140 142 0.8685227546493972
141 142 0.04683906434115137
141 143 0.7609915754514052
142 143 0.5902896592360403
142 144 0.45206789769395794
143 144 0.6115376445944569
143 145 0.2948880943822094
144 145 0.7483068852296755
144 146 0.40324566840151066
145 146 0.7296354797191281
145 147 0.43763364686396355
146 147 0.38492542714560296
146 148 0.6579024552816807
147 148 0.5059645011726475
147 149 0.3193423472927075
148 149 0.38810598715225475
148 150 0.5401470544374106
149 150 0.8624432899563488
149 151 0.40779572628710736
150 151 0.7555661679321206
150 152 0.22706353657427158
151 152 0.20461980004577207
151 153 0.18446716105240912
152 153 0.8425747614023152
152 154 0.327954224966858
153 154 0.9828030087574039
153 155 0.11415230434474066
154 155 0.5967890865119122
154 156 0.05140657202747834
155 156 0.08504039090305848
155 157 0.29243126789576424
156 157 0.7961480790769699
156 158 0.10272110050890615
157 158 0.673975848392173
157 159 0.8408291441944131
158 159 0.5214455893259214
158 160 0.13995663734208774
159 160 0.8056576371132836
159 161 0.17183283391991222
160 161 0.8624996671136572
160 162 0.43076770612044235
161 162 0.3633465696184337
161 163 0.12016449131269902
162 163 0.10780574982296864
162 164 0.6100496778341615
163 164 0.03326870542300897
163 165 0.031703728051721614
164 165 0.5534585975188215
164 166 0.9404124497147269
165 166 0.30046993895213714
165 167 0.0035721271154458556
166 167 0.1891799269203508
166 168 0.15036953338384773
167 168 0.28883150367134125
167 169 0.29874702229568983
168 169 0.5074077021570182
168 170 0.4171161671335566
169 170 0.498217333250631
169 171 0.7567560621926516
170 171 0.6014433918302596
170 172 0.42233996114178196
171 172 0.06012343498691963
171 173 0.16099600097817457
172 173 0.8690528168337633
172 174 0.18877487530126413
173 174 0.5078375865340878
173 175 0.11592703170517105
174 175 0.4351999179573075
174 176 0.811705628203044
175 176 0.26800216294219326
175 177 0.6311555474892278
176 177 0.8349060631005933
176 178 0.8072623960038109
177 178 0.2516747804448528
177 179 0.810350136338697
178 179 0.7762903064271784
178 180 0.5349460841282538
179 180 0.41879326426022934
179 181 0.6192430019800806
180 181 0.03830629665121155
180 182 0.758365528532673
181 182 0.05105653498988705
181 183 0.16285258839996808
182 183 0.4190678697638225
182 184 0.14789976453456388
183 184 0.3005453980085281
183 185 0.2703873993277365
184 185 0.12110115449095127
184 186 0.25183602547796335
185 186 0.9699237651371931
185 187 0.11932064171200452
186 187 0.46768710143917624
186 188 0.09636473354986208
187 188 0.5865569763123931
187 189 0.8515469461798588
188 189 0.4361189430593866
188 190 0.9374634789915199
189 190 0.7128471213443324
189 191 0.514861681454449
190 191 0.3092626328866934
190 192 0.44922737502712695
191 192 0.4432385429349618
191 193 0.9079439127454482
192 193 0.6691019649307085
192 194 0.8093077015370674
193 194 0.6550929783834964
193 195 0.0811321777281907
194 195 0.7254642061368043
194 196 0.9236276337386734
195 196 0.27366197914598334
195 197 0.5775158151602132
196 197 0.16374745481639785
196 198 0.8620918581592131
197 198 0.2701829265183925
197 199 0.02219091681754326
198 199 0.6856597488625797
198 200 0.5260039394816829
199 200 0.7574860769639373
199 201 0.8764820249824625
200 201 0.08697453746318595
200 202 0.6707497860314641
201 202 0.3220111632897492
201 203 0.7164384673181138
202 203 0.8035404712980134
202 204 0.7076113745444979
203 204 0.8246581906187986
203 205 0.796185295438911
204 205 0.18044759018337986
204 206 0.6130717942039327
205 206 0.39923245460547074
205 207 0.1511336024796831
206 207 0.7157893792406645
206 208 0.44755280603263947
207 208 0.349181347794451
207 209 0.38303758609556615
208 209 0.01161372022006335
208 210 0.7753106269171316
209 210 0.8290256363198135
209 211 0.6397464688430471
210 211 0.10457119841116758
210 212 0.22748825222962354
211 212 0.4940341584162736
211 213 0.9767391248047439
212 213 0.9212441382227954
212 214 0.605185351864341
213 214 0.40722932037885073
213 215 0.009256046776034643
214 215 0.12468917938601631
214 216 0.2026573356793011
215 216 0.120964498237224
215 217 0.427024099895296
216 217 0.1141196868794635
216 218 0.43876716055248133
217 218 0.36231583112369203
217 219 0.5623621663627784
218 219 0.8037152835070686
218 220 0.9777368235424828
219 220 0.45954975667356635
219 221 0.061069964215571204
220 221 0.5418728109630024
220 222 0.4450662397635603
221 222 0.9823269259318234
221 223 0.4207972896477392
222 223 0.005967618723284884
222 224 0.739728738138484
223 224 0.2248741300759216
223 225 0.05281097652159239
224 225 0.867954945278897
224 226 0.8992553617517707
225 226 0.5674139929667985
225 227 0.37327573715470874
226 227 0.7037902080517019
226 228 0.22170089121630987
227 228 0.49850190230367775
227 229 0.43548520408421976
228 229 0.7806823200525239
228 230 0.1004805224652493
229 230 0.6983113904156718
229 231 0.6124431355312859
230 231 0.46601108054049367
230 232 0.8440548579197062
231 232 0.966387658763958
231 233 0.6233326978278683
232 233 0.22753362711816072
232 234 0.5795977466088723
233 234 0.2832132652301347
233 235 0.0357750549784529
234 235 0.900833519052173
234 236 0.6095571047791938
235 236 0.4011643939799804
235 237 0.8195419523815465
236 237 0.32802082833599633
236 238 0.1224647790174812
237 238 0.41222785756883296
237 239 0.6312424827207603
238 239 0.6388450177779117
238 240 0.7660025025355205
239 240 0.5451225195401324
239 241 0.27519715570280534
240 241 0.6199149158964418
240 242 0.0231953008732233
241 242 0.33702389047879955
241 243 0.21755820557418948
242 243 0.5522488097136515
242 244 0.047533082620828226
243 244 0.1478431890440043
243 245 0.7816681086983768
244 245 0.41297293065313545
244 246 0.47326703784626345
245 246 0.24966057629344374
245 247 0.034230663784039606
246 247 0.34953640973709954
246 248 0.9347574735800848
247 248 0.5348814070437672
247 249 0.3087109956514753
248 249 0.14377067436633206
248 250 0.22646523393423978
249 250 0.8795566498110368
120 229 0.05245438257386026
224 80 0.5129871858222524
7 99 0.1352523387963005
