200 <--# of nodes, 400 edges 
1 2 0.9587158023338371
1 3 0.007011706545326124
2 3 0.1284913340161662
2 4 0.6834223745444467
3 4 0.860441942521872
3 5 0.43642051927864944
4 5 0.6920222005922172
4 6 0.7438450047878549
5 6 0.9610115369591102
5 7 0.9534243153039398
6 7 0.12017771374449515
6 8 0.8056561151182855
7 8 0.7182552005665079
7 9 0.0645903155649068
8 9 0.9088325401799833
8 10 0.3297032144469817
9 10 0.8109322379457589
9 11 0.5572320342921631
10 11 0.9294158563537477
10 12 0.06622779151461966
11 12 0.40149238908679497
11 13 0.19245598251718288
12 13 0.5587091228632407
12 14 0.9268320612413916
13 14 0.8009267609132946
13 15 0.1093212015843048
14 15 0.19330102386189218
14 16 0.9492803372311875
15 16 0.1951783357778064
15 17 0.5728902944668307
16 17 0.9545220469407323
16 18 0.11480593889150736
17 18 0.900236842487052
17 19 0.9191995369845408
18 19 0.9939208734406657
18 20 0.4658503397004884
19 20 0.3167528347850409
19 21 0.8185809349919682
20 21 0.3627823688613794
20 22 0.07610933344676796
21 22 0.7267646173930981
21 23 0.1025414322884165
22 23 0.2883776181531733
22 24 0.7502771231441002
23 24 0.9648168445805143
23 25 0.017230944876763132
24 25 0.3965257853774654
24 26 0.16669172051491643
25 26 0.323453706186008
25 27 0.9962068949801011
26 27 0.4395951715776871
26 28 0.792464534050458
27 28 0.7238276476214875
27 29 0.6262409894505754
28 29 0.2517336475270079
28 30 0.548645532844452
29 30 0.14276272734972673
29 31 0.705012889239024
30 31 0.7521139000932756
30 32 0.11560137894314304
31 32 0.6061953537754816
31 33 0.8187197568034251
32 33 0.7661125968114799
32 34 0.20555801108311855
33 34 0.1682641539839438
33 35 0.24025749821400655
34 35 0.006656606024899037
34 36 0.17166871452153964
35 36 0.2740592097586324
35 37 0.8034371441185328
36 37 0.02544133481698463
36 38 0.5113834812796855
37 38 0.46614098787755076
37 39 0.8444580480246077
38 39 0.6197114208085063
38 40 0.9350437746768874
39 40 0.5975335193699
39 41 0.8129309241837496
40 41 0.3179012825238071
40 42 0.23377776207322387
41 42 0.8340084059065869
41 43 0.9713868418055432
42 43 0.28799536763531086
42 44 0.7433088869190558
43 44 0.564847676165613
43 45 0.2977439578678225
44 45 0.8907748048035589
44 46 0.5795728670566656
45 46 0.8478578467665715
45 47 0.5801138143196976
46 47 0.27046576565608815
46 48 0.954604363218198
47 48 0.1413649450256066
47 49 0.9843917809357909
48 49 0.17772750364754641
48 50 0.33871785212117833
49 50 0.965910231272016
49 51 0.17448365074473537
50 51 0.11135841782714873
50 52 0.1836663604377703
51 52 0.3411439451156356
51 53 0.5973583978552098
52 53 0.945865079021481
52 54 0.937932653978626
53 54 0.9288451807614896
53 55 0.01745581948187802
54 55 0.9758541337276558
54 56 0.4068636636471007
55 56 0.6810925887605763
55 57 0.4345802291037709
56 57 0.14157311554814778
56 58 0.558506009839768
57 58 0.6537114875240775
57 59 0.37668705153447646
58 59 0.1588191463385611
58 60 0.1430679286975105
59 60 0.5827718773151029
59 61 0.4521037693811466
60 61 0.029459893060332143
60 62 0.7012947352197094
61 62 0.7358131066256763
61 63 0.7943821702594791
62 63 0.9900004510547433
62 64 0.8641682374394388
63 64 0.5128587254576342
63 65 0.15595600318288394
64 65 0.6083360900216515
64 66 0.7072711162388029
65 66 0.29327160187454393
65 67 0.9220427455146325
66 67 0.5892174353738289
66 68 0.3303851773175249
67 68 0.3518652017930357
67 69 0.0699646523055577
68 69 0.6968312183813083
68 70 0.022587039187653257
69 70 0.7941580464194742
69 71 0.1539200754376897
70 71 0.07604932102000983
70 72 0.6366712231271942
71 72 0.4344483264778094
71 73 0.8320925305280241
72 73 0.43989305062194106
72 74 0.5603379161049782
73 74 0.9122065301632758
73 75 0.786449780335408
74 75 0.21940992626687783
74 76 0.6210411638328929
75 76 0.04917060220264058
75 77 0.16127834572839939
76 77 0.28831195050523584
76 78 0.8433155520496265
77 78 0.319512770339375
77 79 0.7294579829615279
78 79 0.5208451720882858
78 80 0.983757838814695
79 80 0.07791079136566303
79 81 0.3931612933842863
80 81 0.9382115417493995
80 82 0.7056040342934242
81 82 0.532201928916151
81 83 0.5050682434815715
82 83 0.15421638987129804
82 84 0.39555307186490873
83 84 0.28426716799301277
83 85 0.5067893961008823
84 85 0.024992785328594835
84 86 0.8809019787179907
85 86 0.3747629551356979
85 87 0.8273776587876845
86 87 0.7574992099499747
86 88 0.3772774387513109
87 88 0.9264805761854075
87 89 0.49642505963225514
88 89 0.9351617016820104
88 90 0.9581082000189666
89 90 0.4990260614632306
89 91 0.0138502123730182
90 91 0.03186862711366134
90 92 0.9953677124650583
91 92 0.2464972207866608
91 93 0.6678784638480829
92 93 0.9984666206857763
92 94 0.4398559878443359
93 94 0.9270489734143408
93 95 0.5340523046885285
94 95 0.12725168214416216
94 96 0.004229643365845637
95 96 0.06392775193500932
95 97 0.6691585917290572
96 97 0.5385843583241796
96 98 0.9051185935602044
97 98 0.2935613754637779
97 99 0.13036219787410663
98 99 0.7289795717578401
98 100 0.6198160129366725
99 100 0.13547789460996862
99 101 0.3606101178017417
100 101 0.9030731427642664
100 102 0.05367207022415066
101 102 0.15992339244516995
101 103 0.6575084608545864
102 103 0.9847210790827817
102 104 0.07133618592579694
103 104 0.3156057837177554
103 105 0.340735460399305
104 105 0.09365580297148168
104 106 0.968373657187928
105 106 0.30484108846195856
105 107 0.7761352284054843
106 107 0.9897239514729469
106 108 0.5139262406502877
107 108 0.2874735384344377
107 109 0.8651430705815292
108 109 0.8912418085101051
108 110 0.5385469828550589
109 110 0.45154547233101083
109 111 0.5769620036595325
110 111 0.5106725804777019
110 112 0.1429760222167047
111 112 0.9101765899808532
111 113 0.41267199813503486
112 113 0.5714623188453916
112 114 0.24910110295123966
113 114 0.9148100959455165
113 115 0.820182790505717
114 115 0.9116711889991019
114 116 0.7018089871891671
115 116 0.3361161979742563
115 117 0.21195538459564545
116 117 0.5653225544297128
116 118 0.25991112840556385
117 118 0.11422244663873005
117 119 0.14872753557188734
118 119 0.7517855453245421
118 120 0.3478259983563242
119 120 0.7278279100095119
119 121 0.305921522393647
120 121 0.8127366553986447
120 122 0.3251126468883515
121 122 0.14874712820818936
121 123 0.3145587466205114
122 123 0.7210954905793447
122 124 0.6645905094009581
123 124 0.6063350525677315
123 125 0.7736248057437042
124 125 0.5897775617409375
124 126 0.28915556858671265
125 126 0.19552004484076946
125 127 0.8731679190880574
126 127 0.9875202554753019
126 128 0.6534467466953489
127 128 0.4414741243478061
127 129 0.08337499557211503
128 129 0.02984741751096176
128 130 0.2986522205318688
129 130 0.14490861890494444
129 131 0.2642071616452497
130 131 0.0173334144062971
130 132 0.8794363695122951
131 132 0.7741882535729416
131 133 0.9614688178866357
132 133 0.032949761906983954
132 134 0.562513227479931
133 134 0.11192525993086855
133 135 0.7533384989389529
134 135 0.4517690793783522
134 136 0.09364718324761034
135 136 6.210239344919266E-4
135 137 0.6991149062946518
136 137 0.4436965242701415
136 138 0.5811899126700372
137 138 0.8450438768792382
137 139 0.6143957576735215
138 139 0.6871819909000395
138 140 0.5271330181286784
139 140 0.1066955896935804
139 141 0.48264616302213115
140 141 0.7473092838633907
140 142 0.661980186409188
141 142 0.5008703249655313
141 143 0.46767342491757447
142 143 0.3685371183764127
142 144 0.6027931261938159
143 144 0.9667914710775832
143 145 0.475916201646319
144 145 0.0496232453470653
144 146 0.769347738991716
145 146 0.025006521875294285
145 147 0.5372978013617877
146 147 0.02632635074697065
146 148 0.9873646397059003
147 148 0.4417287005580993
147 149 0.9169916491411361
148 149 0.9063295570320418
148 150 0.5106512456446177
149 150 0.021605916921492274
149 151 0.4220061914580555
150 151 0.15652189669820493
150 152 0.607241152800997
151 152 0.06035030107884409
151 153 0.5618554664171245
152 153 0.0600196639374696
152 154 0.40393967497035954
153 154 0.15378754626014068
153 155 0.48048687585203687
154 155 0.7388166943588736
154 156 0.1622322965376195
155 156 0.43403412538864916
155 157 0.13401705958394794
156 157 0.3723076430408204
156 158 0.8414584287306371
157 158 0.3405925246247601
157 159 0.9059317705199242
158 159 0.16192018991852142
158 160 0.2438185815694751
159 160 0.26746707360781996
159 161 0.686409904195599
160 161 0.030171922029076592
160 162 0.291755515392201
161 162 0.952124082033686
161 163 0.7502786093270406
162 163 0.4027127054100267
162 164 0.49867475058451327
163 164 0.45415291371650546
163 165 0.7416991640928189
164 165 0.16155237344651074
164 166 0.29361296798300507
165 166 0.21809667114786158
165 167 0.10441581645517761
166 167 0.820548684457559
166 168 0.9639234153734165
167 168 0.6543783438138097
167 169 0.005300650520866812
168 169 0.6687594508386576
168 170 0.4384875630845545
169 170 0.04271690049146004
169 171 0.06660082546953949
170 171 0.23519206100512857
170 172 0.45418711035662795
171 172 0.7999853305141186
171 173 0.8303176006189709
172 173 0.305243474082887
172 174 0.8009787932399646
173 174 0.1468546239147024
173 175 0.5039753996357232
174 175 0.1659314903293757
174 176 0.5813584765984912
175 176 0.23306306886640737
175 177 0.9803378559723369
176 177 0.006475270314339698
176 178 0.6285285284462064
177 178 0.6267576369294887
177 179 0.4550315466662651
178 179 0.1837624075265636
178 180 0.2244570303447011
179 180 0.5534452113296268
179 181 0.7954824721175214
180 181 0.9331928574747049
180 182 0.47789471782606496
181 182 0.580433468673176
181 183 0.020576706292318336
182 183 0.08976684942024105
182 184 0.30034074875061134
183 184 0.8363760363179193
183 185 0.010950585680614577
184 185 0.3447858568999924
184 186 0.40019421987832593
185 186 0.7080961287778291
185 187 0.08871813140085538
186 187 0.7905246500452944
186 188 0.9934506570959261
187 188 0.8355325315845821
187 189 0.3802014500691133
188 189 0.38213991277137416
188 190 0.23108117660504002
189 190 0.9175271416871764
189 191 0.22116794304821585
190 191 0.1877966042801269
190 192 0.09052770216661188
191 192 0.9230012009445199
191 193 0.7264566857182666
192 193 0.0800948874736882
192 194 0.29279287597033343
193 194 0.018967799007635233
193 195 0.7197114955969289
194 195 0.3873842929293909
194 196 0.12528286338363537
195 196 0.633704872551256
195 197 0.9538828437895751
196 197 0.023730449761579675
196 198 0.8205564199112177
197 198 0.08571456716000891
197 199 0.3138689739162289
198 199 0.5225415441729672
198 200 0.4622816067336316
199 200 0.3502492115210588
199 55 0.7143302207203142
116 25 0.021870748856393396
54 107 0.9108070806011898
