300 <--# of nodes, 600 edges 
1 2 0.7035878271171601
1 3 0.2691457465232162
2 3 0.6561186013765169
2 4 0.4124949534639408
3 4 0.6230729850243462
3 5 0.7959651530996897
4 5 0.3797511618461601
4 6 0.7632180884990852
5 6 0.034394035228681674
5 7 0.792079546523397
6 7 0.3322944490205926
6 8 0.6577491722815236
7 8 0.850061518419063
7 9 0.6000452720651297
8 9 0.8071507501534912
8 10 0.13943166035322985
9 10 0.7250942693754245
9 11 0.9328965950817252
10 11 0.9435026255932792
10 12 0.2788178748020137
11 12 0.6048384429490663
11 13 0.3394405327348028
12 13 0.4069498616676168
12 14 0.5830669612785676
13 14 0.027064562338162235
13 15 0.2812322133552535
14 15 0.532127782002203
14 16 0.7801184986313963
15 16 0.4364148521378107
15 17 0.9340730769454341
16 17 0.787323595625517
16 18 0.8431353655425895
17 18 0.9132270494746859
17 19 0.3864032237730729
18 19 0.8568876169598296
18 20 0.9942929882084726
19 20 0.7293949744093281
19 21 0.9951633008214918
20 21 0.8276814314614738
20 22 0.8436382843630765
21 22 0.429017649716243
21 23 0.44880060226509744
22 23 0.6297051113843195
22 24 0.26254865315085496
23 24 0.675411399368117
23 25 0.9053388253146594
24 25 0.4390758403536188
24 26 0.3031048161824975
25 26 0.7075191059830646
25 27 0.050545529232788766
26 27 0.7658127974994433
26 28 0.7320379992537726
27 28 0.6247962324002979
27 29 0.8236812702755111
28 29 0.799643466535362
28 30 0.3680573237133865
29 30 0.8017776987253065
29 31 0.1176998677678669
30 31 0.7218249204467263
30 32 0.7873083999729108
31 32 0.7858268088186914
31 33 0.9532003737182344
32 33 0.33400897109129046
32 34 0.3449297436755645
33 34 0.3201942616328698
33 35 0.5769515846196897
34 35 0.30793151233404903
34 36 0.3072289894870228
35 36 0.1795734458783771
35 37 0.3987504957386564
36 37 0.41111793089131843
36 38 0.9699874541439655
37 38 0.6558665188763132
37 39 0.1030152082399377
38 39 0.015650273609903564
38 40 0.9781248253698702
39 40 0.5342487261999198
39 41 0.14025308474862785
40 41 0.2033577705597127
40 42 0.5931176534213126
41 42 0.4759489807561942
41 43 0.8263119518951004
42 43 0.3686772176891959
42 44 0.5690836701552381
43 44 0.2058877156588924
43 45 0.46198323407408803
44 45 0.35725599141628084
44 46 0.007592691563796383
45 46 0.4269463014228335
45 47 0.04900554001762947
46 47 0.6402523386914825
46 48 0.21051955545589196
47 48 0.14656598394255704
47 49 0.7669122311002485
48 49 0.3597579848459712
48 50 0.8973427105917715
49 50 0.182488039045953
49 51 0.895588849998957
50 51 0.7657957751905654
50 52 0.0028692151738103355
51 52 0.9311182897609273
51 53 0.48167486661498105
52 53 0.41296691998561585
52 54 0.6510643523076362
53 54 0.9554158900957854
53 55 0.5533342141829302
54 55 0.5412690181607032
54 56 0.1684309663931306
55 56 0.35259633327857665
55 57 0.060807716998326655
56 57 0.49514303369844126
56 58 0.7917181828007704
57 58 0.8341495566057849
57 59 0.9738192325021284
58 59 0.9114519382795973
58 60 0.6580463908739259
59 60 0.175454793439201
59 61 0.9703779304830664
60 61 0.48806176467239026
60 62 0.778065824622931
61 62 0.26597983270157777
61 63 0.3788695035993498
62 63 0.7862709923248279
62 64 0.7719119336867017
63 64 0.23716428817260027
63 65 0.4672433288271731
64 65 0.8887281765619702
64 66 0.38242414419684667
65 66 0.26429291416544853
65 67 0.5834517006467244
66 67 0.6899334346076218
66 68 0.25553181028285976
67 68 0.7900292030208115
67 69 0.9931016667904119
68 69 0.7042034879263899
68 70 0.6455198224175689
69 70 0.7012876997745612
69 71 0.892716405837506
70 71 0.9811371465248625
70 72 0.3396545819770974
71 72 0.015279345462698601
71 73 0.9555605460660308
72 73 0.317641757169256
72 74 0.7987026510926193
73 74 0.1689374935350243
73 75 0.6907449886199379
74 75 0.05293729361513644
74 76 0.7093178977513663
75 76 0.9949330700482575
75 77 0.5913757139198618
76 77 0.8489728585411731
76 78 0.06010620714125614
77 78 0.672323992823185
77 79 0.15498746426225773
78 79 0.3464314898976437
78 80 0.9698809980445203
79 80 0.2857782451550519
79 81 0.2006316053004945
80 81 0.632867533956285
80 82 0.47800750313037466
81 82 0.41737112324320347
81 83 0.12442906158559508
82 83 0.1588818761557258
82 84 0.38771030879188806
83 84 0.5154151785033152
83 85 0.9714472572297933
84 85 0.9632984502926663
84 86 0.2920247416372437
85 86 0.15136265127133175
85 87 0.6084404991753214
86 87 0.15449882333129217
86 88 0.2201883658546271
87 88 0.1081178177395894
87 89 0.0860183498001803
88 89 0.7295565496521361
88 90 0.6712689408142759
89 90 0.5507718805318601
89 91 0.9804997738589932
90 91 0.3238654578712894
90 92 0.9355498788666804
91 92 0.10493272237774576
91 93 0.07663670793039001
92 93 0.9196706028282112
92 94 0.8831589749631057
93 94 0.9168792440813468
93 95 0.7499543797780363
94 95 0.9045596784170821
94 96 0.882684140426418
95 96 0.7430447003064159
95 97 0.056700615567705115
96 97 0.9898687506405475
96 98 0.5623587620586168
97 98 0.7731505878381559
97 99 0.21852526032058273
98 99 0.06891402426012994
98 100 0.13760671412636294
99 100 0.9105167999550012
99 101 0.2223613691383357
100 101 0.9407269177627509
100 102 0.5384735448362984
101 102 0.8436665087455137
101 103 0.6705891937705281
102 103 0.6750281546909598
102 104 0.15283481214079364
103 104 0.4121544672858345
103 105 0.12926455505247703
104 105 0.8214751435012491
104 106 0.9659665624185245
105 106 0.3318805401039475
105 107 0.15333144774511598
106 107 0.7706727999354617
106 108 0.5612924920503397
107 108 0.746236519259303
107 109 0.488670846837185
108 109 0.650434191346176
108 110 0.5667235953877442
109 110 0.9852868013146524
109 111 0.8250765952575173
110 111 0.8815453027418644
110 112 0.5791982891650478
111 112 0.7800097600022119
111 113 0.366506640052387
112 113 0.1268200762792019
112 114 0.6723637343144748
113 114 0.3438143939511925
113 115 0.35371569259895486
114 115 0.6486537463699186
114 116 0.32334007180559554
115 116 0.39722488499211006
115 117 0.6384148980085651
116 117 0.21344898976138682
116 118 0.7498910702436031
117 118 0.3336625486351482
117 119 0.8606744890974722
118 119 0.8024832744359292
118 120 0.05224807940788789
119 120 0.9516460543321497
119 121 0.6616121946966622
120 121 0.028201081759662183
120 122 0.1904000374807624
121 122 0.8054012383075043
121 123 0.7322102469189734
122 123 0.24729108973654745
122 124 0.5079957951996983
123 124 0.6188658256574953
123 125 0.5748765922984561
124 125 0.5472960307264019
124 126 0.4223489976812974
125 126 0.6077727900536029
125 127 0.809599322860877
126 127 0.9994301023084867
126 128 0.5544683317579217
127 128 0.7467052376047425
127 129 0.12885735803334752
128 129 0.13758792184452062
128 130 0.805285174111871
129 130 0.06178368938921375
129 131 0.9581161329836219
130 131 0.3285820764541243
130 132 0.6849152629078985
131 132 0.46262892009721523
131 133 0.556507982782641
132 133 0.6290677208408856
132 134 0.17824860526550057
133 134 0.9764351143741573
133 135 0.8629571234342429
134 135 0.7812978054992588
134 136 0.7388742773382186
135 136 0.8280849241574028
135 137 0.8049482586772544
136 137 0.7221325181773458
136 138 0.5833035626218048
137 138 0.10579643210607859
137 139 0.02959432832243436
138 139 0.49489028552441483
138 140 0.9689744013824646
139 140 0.8688203793038282
139 141 0.14827471611899778
140 141 0.5911144633377503
140 142 0.1137715429168431
141 142 0.39262691584759646
141 143 0.715556128514516
142 143 0.758137183181137
142 144 0.10599065389769247
143 144 0.03955834282632553
143 145 0.555742408557937
144 145 0.8629161019799443
144 146 0.016109264466691142
145 146 0.9528812382905331
145 147 0.8465386144426293
146 147 0.8996890575875739
146 148 0.23911187030703374
147 148 0.8094134851935432
147 149 0.21007154077297518
148 149 0.871448314842947
148 150 0.1804778278025312
149 150 0.4508266774099956
149 151 0.2845002983280338
150 151 0.19483605306591745
150 152 0.3328581785654233
151 152 0.9054728866325368
151 153 0.4113025558291896
152 153 0.8753640300724134
152 154 0.1646599641229034
153 154 0.9976543736261917
153 155 0.5153959828095324
154 155 0.7004541187703398
154 156 0.18738433591142467
155 156 0.6106782152822804
155 157 0.37413148698667864
156 157 0.35912794985672813
156 158 0.5278758778716752
157 158 0.19043576409046103
157 159 0.7977600701369613
158 159 0.3260138374789733
158 160 0.3449370451562912
159 160 0.8281415976077465
159 161 0.7526942969976793
160 161 0.08665199273801116
160 162 0.688063619794447
161 162 0.7247439110573345
161 163 0.35843219999586906
162 163 0.13667765248232666
162 164 0.1893284395147118
163 164 0.8625061375257042
163 165 0.6256831002267379
164 165 0.9402780434138623
164 166 0.7382164268895189
165 166 0.10753794199212208
165 167 0.7642767906641024
166 167 0.4138242357842936
166 168 0.9417740471812068
167 168 0.5684111587973142
167 169 0.5518230044639192
168 169 0.34145560556562193
168 170 0.09690702113129368
169 170 0.8525287951836136
169 171 0.15062374729968797
170 171 0.014617087489237401
170 172 0.9806687303407131
171 172 0.5630706603034811
171 173 0.6602112487967926
172 173 0.3338978315249035
172 174 0.20567347394749047
173 174 0.6293178499594306
173 175 0.2918617643024787
174 175 0.4580309662770079
174 176 0.029687279397686228
175 176 0.30730700519124754
175 177 0.5039489758076505
176 177 0.30711333045132994
176 178 0.15029694483964295
177 178 0.50957754181456
177 179 0.8362979369103182
178 179 0.22720669878161204
178 180 0.7203637393473704
179 180 0.08669418950477259
179 181 0.7050464811706381
180 181 0.7034907938140496
180 182 0.40218078109077016
181 182 0.40215301651305446
181 183 0.5978064130650835
182 183 0.47894009721071074
182 184 0.363157379006679
183 184 0.18867886546498036
183 185 0.4365491657658679
184 185 0.7325457371684888
184 186 0.564849835869946
185 186 0.25768615217442215
185 187 0.6943003836205407
186 187 0.642973339625925
186 188 0.5782677056049278
187 188 0.5818308949534011
187 189 0.009732549285251912
188 189 0.8635633741673203
188 190 0.7288230097972276
189 190 0.6042086739639344
189 191 0.7878886759448601
190 191 0.2711218849505499
190 192 0.045881222712764735
191 192 0.5639992216994879
191 193 0.9469337706959227
192 193 0.3272995691753492
192 194 0.3623061344238916
193 194 0.08619809148481794
193 195 0.4554971041201652
194 195 0.4315407604039325
194 196 0.8159134116290618
195 196 5.558937070431202E-4
195 197 0.358691902587405
196 197 0.9977512127180697
196 198 0.2840124082932156
197 198 0.8791956672309269
197 199 0.25335505831319516
198 199 0.5615092214221862
198 200 0.2884733189747851
199 200 0.7203277587269166
199 201 0.4677582002835212
200 201 0.03623615578547712
200 202 0.49302211773031124
201 202 0.9218787807558216
201 203 0.9878929433285392
202 203 0.48994935470941436
202 204 0.16101163160127907
203 204 0.26570010234054564
203 205 0.7813527821929511
204 205 0.35563210867659245
204 206 0.8322379038615465
205 206 0.830251217536917
205 207 0.014480524709225673
206 207 0.9442760191883728
206 208 0.6982185062773012
207 208 0.9501832258061176
207 209 0.7745082407249354
208 209 0.21069037438862814
208 210 0.8053600520413865
209 210 0.5317194104489762
209 211 0.6707498602884046
210 211 0.9188474597594409
210 212 0.012624640980964497
211 212 0.7126370898495934
211 213 0.3217704720112171
212 213 0.5315922041673152
212 214 0.1708979321441415
213 214 0.295819739001733
213 215 0.47725847624563067
214 215 0.5953692209081424
214 216 0.05222575814212105
215 216 0.8955712811264007
215 217 0.472762054561929
216 217 0.35246891482287857
216 218 0.7595316903849922
217 218 0.25961574551205246
217 219 0.4862666393866564
218 219 0.31596103038849654
218 220 0.16436156927965995
219 220 0.8178238124118172
219 221 0.2333628859651563
220 221 0.9555825226065193
220 222 0.4718681165249735
221 222 0.10590013112445518
221 223 0.3834656890579716
222 223 0.45055401474179846
222 224 0.32987713878000213
223 224 0.5169036655807413
223 225 0.135766268495917
224 225 0.6914628758487732
224 226 0.8409928465811157
225 226 0.004765222982430095
225 227 0.748576379140751
226 227 0.49727310140227854
226 228 0.5194948545017787
227 228 0.683390836577532
227 229 0.4700810962538715
228 229 0.21108738991014586
228 230 0.9087734782824199
229 230 0.5706976132787812
229 231 0.3970556582515886
230 231 0.9343848774312793
230 232 0.9618700660101628
231 232 0.7849863501016502
231 233 0.10594550512814715
232 233 0.005587368108876611
232 234 0.8959107290549008
233 234 0.7689476362294184
233 235 0.6335114073857818
234 235 0.15217171565135001
234 236 0.03447475686068091
235 236 0.6893664875938319
235 237 0.9432385493858324
236 237 0.9903237017842151
236 238 0.481378519657661
237 238 0.9090636181302182
237 239 0.9164273704688151
238 239 0.6079534196750546
238 240 0.3193755602108249
239 240 0.6773002397135228
239 241 0.7755780225737066
240 241 0.8706685657424998
240 242 0.9133654672634965
241 242 0.1553571781813522
241 243 0.10027624455553752
242 243 0.003648940856404881
242 244 0.2920342365307437
243 244 0.24658189245005546
243 245 0.612454595785636
244 245 0.5669556871759946
244 246 0.4443962236422787
245 246 0.8749110485957838
245 247 0.8657991549265014
246 247 0.7878359550024581
246 248 0.5193592044550143
247 248 0.06274927263851227
247 249 0.024605168564264868
248 249 0.33523612918582124
248 250 0.6711494285713675
249 250 0.3141867322404618
249 251 0.9453506797644948
250 251 0.5337609332554266
250 252 0.6690630915280338
251 252 0.42818405255767944
251 253 0.2229889512706127
252 253 0.05426373004713225
252 254 0.15785483879471374
253 254 0.8732466097310063
253 255 0.04258693496155763
254 255 0.8470542962112424
254 256 0.6030541580560518
255 256 0.7033450387972303
255 257 0.26301969730654484
256 257 0.4028877689045327
256 258 0.22172064699173588
257 258 0.36067822030729624
257 259 0.6073445917117658
258 259 0.06304621396140453
258 260 0.48383789542962485
259 260 0.09742323984785073
259 261 0.7946197530762505
260 261 0.3629718053997646
260 262 0.0011406247321333884
261 262 0.2979020972486307
261 263 0.27573999233151947
262 263 0.0855351929807211
262 264 0.7666256456980743
263 264 0.43647966917187997
263 265 0.15783136084527272
264 265 0.04580836164116009
264 266 0.39190156281599164
265 266 0.5223630182546253
265 267 0.3012550959746497
266 267 0.8527217035224323
266 268 0.508654141655399
267 268 0.7771988639258344
267 269 0.7092324202159436
268 269 0.004871225189555628
268 270 0.19938144176612604
269 270 0.7705820975200546
269 271 0.8546836350962238
270 271 0.30163775331686526
270 272 0.14417380822098658
271 272 0.5135383390086312
271 273 0.1786479615727271
272 273 0.01263302160883939
272 274 0.4548036606062926
273 274 0.023933648169216726
273 275 0.3651639050064407
274 275 0.15108160016967198
274 276 0.15347017697270948
275 276 0.38647305218642625
275 277 0.8632177558267808
276 277 0.4308966593831378
276 278 0.18011762515818708
277 278 0.8585403664955075
277 279 0.6044233971403347
278 279 0.8549186022185299
278 280 0.32663467416019176
279 280 0.510998412603213
279 281 0.25340915731017555
280 281 0.5931781289556421
280 282 0.6071440228564904
281 282 0.5310944555045388
281 283 0.4136105890898386
282 283 0.4075043455111289
282 284 0.50845709240956
283 284 0.011725385054864979
283 285 0.08900069473032413
284 285 0.8271412890885823
284 286 0.46333309711731485
285 286 0.8554976094880552
285 287 0.026343714093454595
286 287 0.6160966167358622
286 288 0.15177058301477653
287 288 0.39956289888062957
287 289 0.8402375889391763
288 289 0.14826284119461164
288 290 0.4994151614349097
289 290 0.4548488513856441
289 291 0.595990500600987
290 291 0.4859704837080243
290 292 0.4658805459047609
291 292 0.9183960173988928
291 293 0.5609222904585489
292 293 0.9304131102012655
292 294 0.8750524188180179
293 294 0.8296153376142521
293 295 0.9386007104508635
294 295 0.32827615664240317
294 296 0.48992234384832467
295 296 0.4536971527057021
295 297 0.19816395195209302
296 297 0.5291614862576159
296 298 0.25725529200416253
297 298 0.5603829295880867
297 299 0.7493367821254718
298 299 0.05464323233344548
298 300 0.6716395251782817
299 300 0.8669553563281511
282 194 0.15331530591537457
141 186 0.7299072772750094
213 255 0.6457170592561418
