15 <--# of nodes, 42 edges
1 2 0.23556492071224244
1 3 0.937888767436013
1 4 0.5460284186833849
1 5 0.5431567250906155
2 1 0.4321915083351735
2 12 0.09670216759602679
3 1 0.6678544153920738
3 6 0.32899527370730175
3 7 0.4296456041940043
3 8 0.7726385577381278
4 1 0.9432146177190152
4 9 0.8395295301453926
4 10 0.4692153306669683
5 1 0.7134339038015605
5 11 0.511305830907643
6 3 0.03908978237265215
6 12 0.8038983117894615
7 3 0.9406339074095293
7 12 0.041952892870211866
8 3 0.6544602828693379
8 12 0.07117329083562585
9 4 0.19405859828201477
9 13 0.5098043417841334
10 4 0.3979640596885987
10 13 0.33292593582717334
11 5 0.5558510527826508
11 7 0.6069794028271412
11 8 0.6313524530431067
11 14 0.02740781890070554
12 2 0.4226874408794582
12 6 0.5262261584934258
12 7 0.007909621109548293
12 8 0.7405119466249276
12 13 0.682616443690943
13 9 0.7029686522879058
13 10 0.18021733758007485
13 12 0.06949313595101103
13 15 0.42306447465063646
14 11 0.9635483680690614
14 15 0.8982426404009612
15 13 0.26904374181832746
15 14 0.24153047586437104
